 100 154 111  85  93 215  78  80 178  35 104 222 175  82 238  43
  15 179 135  52 159  29   0  41  70 177 209 183  28 223 151  99
  88 175  29  45 129 104 234 235 227 218 194 226 207 159 118 249
 217  62  71 231  71 197 249 200 236 103 228 213 221  29  64 179
  94  58  79 129 166 219 144 122  74  87  20  69 137  62 103 175
 160 228  78  24 160  49 119  30 146 156 187  84  86 170  50 180
 156 145 218  77 241 206 112 112 177  22 123  35 153 157 235  42
 119 176 195  45 231  91 135  11  74 163 227 229 228 172 193 204
  88 176 162  31 250 133 169 193   5 142 243 142  84   7 191 184
 211 216  79  38 229 208
